67,52
67,51
67,50
67,49
67,48
67,47
67,46
67,45
67,44
67,43
67,42
67,41
67,40
67,39
67,38
67,37
67,36
67,35
28,1
28,3
3,2
3,1
3,3
10,89
10,261
10,23
10,107
10,65
10,187
10,239
10,1
10,233
10,2
10,3
11,7
11,21
11,11
11,5
11,27
11,1
11,13
11,2
11,3
9,5
9,1
9,7
9,2
9,3
8,7
8,6
8,12
8,16
8,1
8,13
8,2
8,3
12,2
12,1
12,3
20,2
20,1
20,3
19,2
19,1
19,3
18,1
18,3
14,1
14,3
13,1
13,3
66,3
66,2
2,2
66,1
2,1
66,0
65,5
65,4
65,3
2,3
65,2
65,1
65,0
64,4
64,3
64,2
64,1
64,0
63,3
63,2
63,1
63,0
61,4
61,3
61,2
61,1
61,0
0,472
0,243
0,0
67,34
67,33
67,32
